292.282729 14.079174 5.643989 2.150000
256.464936 2.839925 -3.404257 2.150000
337.041368 -22.618155 -17.233684 2.150000
204.656142 -11.692865 30.364989 2.150000
271.953448 -3.122249 -35.392853 2.150000
303.151621 36.973962 -7.649581 2.150000
336.036613 -21.520392 -19.824384 2.150000
2.652714 19.616712 -9.541924 2.150000
275.155868 7.715578 4.767771 2.150000
180.504581 -5.846501 2.070720 2.150000
225.461890 -26.424319 -10.661026 2.150000
206.305096 -7.103524 11.655053 2.150000
51.027433 -2.167257 9.335909 2.150000
233.063887 -36.734877 9.710713 2.150000
314.884607 4.804556 -6.384475 2.150000
258.454889 -20.557332 15.728711 2.150000
323.316626 -2.356015 9.910606 2.150000
224.109046 8.405334 37.631587 2.150000
185.863862 -22.616351 15.951895 2.150000
184.657444 -7.206409 17.353825 2.150000
299.291635 8.751569 0.794682 2.150000
259.357491 -45.896479 -19.325790 2.150000
258.236791 25.899398 -5.568319 2.150000
355.158609 60.611529 -11.366879 2.150000
287.495062 23.985013 -8.459534 2.150000
281.868663 -7.894300 8.327078 2.150000
5.261945 10.715567 -8.351671 2.150000
221.732043 -25.899619 -13.426697 2.150000
311.797465 46.946637 -6.139916 2.150000
320.105290 23.517610 -2.413302 2.150000
255.377092 19.683644 6.140016 2.150000
282.940205 -21.896857 -14.289540 2.150000
200.049364 7.998728 4.759762 2.150000
201.122833 -13.957357 1.170301 2.150000
276.292483 -7.785735 19.865782 2.150000
313.335242 -14.250248 -3.197557 2.150000
65.129475 -25.643340 -2.017180 2.150000
229.986560 -22.718640 -17.570337 2.150000
281.239861 -5.247433 -20.778940 2.150000
265.050334 -42.471602 4.657625 2.150000
154.018625 15.190014 -3.742336 2.150000
243.662031 -2.944957 7.556161 2.150000
162.319270 17.479008 -13.389921 2.150000
320.422532 6.741216 28.627685 2.150000
216.718075 12.357176 1.833461 2.150000
276.005570 -37.078026 15.705499 2.150000
237.328264 -25.506610 -3.403803 2.150000
288.211248 -11.174875 -2.437529 2.150000
233.980406 2.741465 10.350778 2.150000
299.397919 28.218411 8.336352 2.150000
314.361787 -7.249076 -16.803825 2.150000
12.713267 31.538768 -22.990395 2.150000
258.352588 11.885620 -16.468017 2.150000
141.698684 29.352919 -21.236600 2.150000
219.624675 3.173677 0.893559 2.150000
351.275660 -16.420398 -6.168764 2.150000
205.670683 -37.034977 -5.520161 2.150000
327.657232 3.887225 -20.414447 2.150000
277.442988 20.463784 11.693511 2.150000
356.201797 -7.314703 6.591167 2.150000
152.346000 -13.519660 -1.344337 2.150000
258.138106 -7.716045 15.317702 2.150000
197.529271 -27.414833 -13.109692 2.150000
84.480482 -12.325245 6.220504 2.150000
319.513134 -4.518484 5.226618 2.150000
352.738319 1.146028 5.238816 2.150000
206.509185 -1.594578 -10.938709 2.150000
241.883065 15.283380 4.902604 2.150000
253.651835 2.732942 -7.723224 2.150000
335.905477 45.350386 -13.446692 2.150000
253.327684 7.800596 -18.049023 2.150000
312.092487 45.112344 15.567235 2.150000
146.891022 -18.078037 -12.689163 2.150000
248.769000 13.163676 -2.593708 2.150000
220.584808 -6.506272 -18.129781 2.150000
175.376579 15.003563 -4.456902 2.150000
300.478479 14.848270 -48.480567 2.150000
286.919044 -54.650540 -16.304388 2.150000
272.008793 -33.176079 -21.396542 2.150000
189.979323 -36.025340 -15.216762 2.150000
337.649537 10.046112 -3.199008 2.150000
291.010765 36.755032 -4.880217 2.150000
252.056038 -8.170356 29.165967 2.150000
271.373388 20.308075 -8.576598 2.150000
254.280274 13.638503 -3.750484 2.150000
164.987258 -26.290808 -23.539732 2.150000
252.860942 9.936675 -7.160740 2.150000
220.118009 -18.797368 -20.069650 2.150000
211.247622 37.906672 0.454485 2.150000
200.615901 -0.814163 12.796302 2.150000
237.986573 40.899991 6.063802 2.150000
149.841856 -10.626462 -10.509303 2.150000
327.853765 14.735834 -24.458143 2.150000
301.203606 -1.569781 21.900198 2.150000
268.798329 -50.548973 30.750641 2.150000
267.913735 -24.553288 1.807509 2.150000
222.110185 15.312782 -14.848524 2.150000
331.121117 -1.372153 17.966572 2.150000
262.006951 -27.968300 -8.889843 2.150000
227.128190 -15.659463 -7.047140 2.150000
351.083146 6.237944 13.295661 2.150000
256.513737 -24.825475 -20.778297 2.150000
234.658258 24.373756 -29.351309 2.150000
252.374784 -16.017738 6.310256 2.150000
219.124425 45.221566 6.011070 2.150000
202.792302 -26.996656 1.427132 2.150000
61.559982 4.979736 7.450266 2.150000
9.329856 -38.025664 16.233609 2.150000
288.452110 -18.090778 14.556717 2.150000
194.572898 -14.831258 -8.528544 2.150000
218.071918 10.033408 12.149581 2.150000
259.407953 23.553333 2.598711 2.150000
317.484964 7.512149 -7.583139 2.150000
190.079735 -9.326766 -17.899587 2.150000
130.207971 20.387213 9.704564 2.150000
183.054162 19.972175 -5.304339 2.150000
290.010650 3.005132 0.696518 2.150000
293.481216 14.281191 -11.894213 2.150000
297.100765 10.319900 -23.257717 2.150000
262.182921 -24.674047 2.573795 2.150000
281.021346 18.989208 -0.932087 2.150000
241.430819 -16.430032 17.985418 2.150000
321.721297 -15.097962 12.025561 2.150000
188.298332 4.423671 15.799569 2.150000
297.301773 -7.687587 -11.233151 2.150000
219.077437 -3.295509 -14.044897 2.150000
249.906784 14.883942 -19.036302 2.150000
303.167001 26.170820 7.469709 2.150000
332.345439 -4.948966 41.836217 2.150000
202.941679 8.191954 10.913581 2.150000
345.639523 -5.957538 -11.595962 2.150000
309.608588 5.739922 12.549506 2.150000
265.928067 10.999948 -16.924955 2.150000
258.286728 -15.421648 -21.367051 2.150000
256.943619 6.870920 10.761635 2.150000
251.813543 15.027551 -11.668583 2.150000
271.382737 2.307699 4.739788 2.150000
273.077421 43.246035 21.098027 2.150000
319.563767 -15.213936 6.016870 2.150000
1.618601 -18.426494 13.944904 2.150000
298.014866 -43.746983 -24.087033 2.150000
257.417200 22.762064 9.923044 2.150000
307.511421 21.677064 32.077534 2.150000
280.993636 -1.997321 8.117091 2.150000
208.213947 22.461900 -23.113158 2.150000
326.953310 4.592586 -3.047142 2.150000
288.423715 7.269753 -7.499478 2.150000
278.110497 2.823618 5.745359 2.150000
300.914780 10.998805 6.180531 2.150000
285.684379 2.541561 6.082388 2.150000
213.510854 69.683381 -5.456711 2.150000
260.259740 -29.166626 -8.989081 2.150000
261.236722 -46.357477 -8.843835 2.150000
238.079317 -28.517029 12.803113 2.150000
10.926216 -27.333586 -27.795121 2.150000
217.456239 -10.840232 -3.109547 2.150000
240.971097 -4.211747 4.055673 2.150000
227.279727 -5.463339 -9.791565 2.150000
199.547260 13.533361 7.158409 2.150000
258.465629 9.731655 -1.069795 2.150000
253.555786 18.780725 -14.074519 2.150000
1.804351 44.456397 2.420453 2.150000
255.058515 30.576564 -4.022743 2.150000
206.147195 -32.081403 -6.148090 2.150000
6.207438 -58.223863 -10.669841 2.150000
344.080749 22.548287 0.921682 2.150000
256.222413 -45.890967 -27.691939 2.150000
179.630418 1.668923 -5.974997 2.150000
243.322331 0.886987 -8.153222 2.150000
260.643538 55.679202 -13.678478 2.150000
286.564095 -1.730356 9.790479 2.150000
254.330181 -12.683077 -11.014069 2.150000
296.605315 5.895242 8.109496 2.150000
293.513653 6.145121 14.637613 2.150000
194.959266 1.751130 -2.353056 2.150000
213.122345 -15.214513 4.166990 2.150000
225.533634 -30.564835 9.592760 2.150000
239.530947 7.912509 -1.214670 2.150000
250.765470 -33.571731 8.113052 2.150000
270.748142 -25.804609 -18.938473 2.150000
88.249360 33.280397 16.656358 2.150000
242.579122 -10.472580 -14.843440 2.150000
344.546904 -3.508043 -27.432539 2.150000
205.997916 22.495558 20.767478 2.150000
326.023690 -7.502775 -0.940902 2.150000
291.019260 25.734143 6.733817 2.150000
268.259654 -8.626649 -5.448877 2.150000
280.947130 25.320047 -15.308751 2.150000
176.096639 15.733365 -46.094828 2.150000
264.927631 -5.325377 9.394185 2.150000
6.236781 -21.642433 -4.300268 2.150000
275.900866 -26.077708 -2.960144 2.150000
272.482417 -6.751720 6.084081 2.150000
225.949853 -10.953534 -21.290227 2.150000
268.151176 -10.216858 -10.941679 2.150000
283.940821 24.588631 17.209918 2.150000
295.583253 -7.442429 8.967969 2.150000
247.631475 28.591973 -19.219219 2.150000
255.812725 -13.290503 -33.048964 2.150000
31.421453 24.314143 -8.568695 2.150000
134.498762 -13.056262 3.209947 2.150000
43.766741 4.414445 14.135654 2.150000
290.253822 24.268446 1.405882 2.150000
330.003649 -10.349307 -16.834676 2.150000
170.150132 -10.956763 4.592367 2.150000
234.597926 50.084765 -17.585023 2.150000
253.316150 23.774837 -14.414498 2.150000
295.362941 -10.800096 -9.806025 2.150000
169.787958 16.223518 -18.440905 2.150000
298.298060 -9.001908 -4.064477 2.150000
197.229168 17.647125 -13.499251 2.150000
273.971403 35.396227 -4.285292 2.150000
309.141353 -40.112892 -6.936323 2.150000
289.623598 25.721327 -6.146778 2.150000
334.958010 36.449195 -7.553085 2.150000
330.364627 1.186783 18.499457 2.150000
230.945536 43.656418 9.154578 2.150000
285.423369 3.884688 0.886082 2.150000
213.337332 -30.927992 -22.004201 2.150000
190.692689 -54.837357 -24.387049 2.150000
325.489556 -8.335177 -29.471286 2.150000
270.002991 17.838583 39.077936 2.150000
266.704865 7.935193 14.585622 2.150000
324.667636 10.340260 3.854715 2.150000
305.675022 -14.427140 -14.613607 2.150000
291.012070 3.600045 -17.195466 2.150000
345.015074 -40.966643 8.214593 2.150000
325.787368 -19.002250 23.476260 2.150000
284.385795 -20.469827 -25.400155 2.150000
228.578334 12.993222 -6.740960 2.150000
230.906781 -0.354001 -1.264381 2.150000
341.526112 -28.888234 -29.879958 2.150000
173.290177 -0.238123 12.618685 2.150000
268.532284 -17.245263 -6.219884 2.150000
153.069169 -16.667479 28.682713 2.150000
331.229881 21.603736 -5.863481 2.150000
321.702978 2.835486 6.137731 2.150000
270.069725 9.959071 -17.136423 2.150000
265.749767 22.099247 -9.372957 2.150000
120.822965 4.506442 -17.530843 2.150000
304.870339 13.771363 5.888629 2.150000
138.453905 17.074107 19.527593 2.150000
130.843182 29.265217 -8.904626 2.150000
274.796023 11.896515 6.545631 2.150000
213.091141 35.305817 -7.565437 2.150000
294.689437 0.565212 1.531616 2.150000
310.618668 -1.196735 17.943758 2.150000
321.463953 42.533366 1.804242 2.150000
228.530452 -12.742793 -15.552651 2.150000
296.962657 -0.071374 -12.856549 2.150000
276.038001 22.996677 -2.548115 2.150000
319.564200 3.745218 -2.875024 2.150000
302.169425 35.123336 -12.987228 2.150000
323.873306 25.853038 2.709962 2.150000
262.083728 7.289257 18.997927 2.150000
261.167913 -19.442463 -3.767539 2.150000
330.466404 14.167402 -3.068551 2.150000
142.580672 -34.565529 -33.022829 2.150000
239.724816 6.111867 -11.617697 2.150000
193.764333 20.210970 -20.899089 2.150000
247.044912 5.326042 -5.793520 2.150000
308.920756 21.991929 7.883795 2.150000
319.543629 50.971906 22.849039 2.150000
209.103381 23.098311 26.977417 2.150000
241.735805 6.672936 -1.753264 2.150000
278.221492 16.041538 -4.802943 2.150000
252.488197 10.637134 12.262744 2.150000
288.109113 -32.868088 7.352388 2.150000
293.995857 -10.410280 11.478767 2.150000
214.202306 30.617196 11.674186 2.150000
259.390184 -1.089605 -22.204578 2.150000
142.074324 14.560582 8.105459 2.150000
338.721703 -25.162502 -1.373085 2.150000
232.254554 1.612919 -11.403786 2.150000
197.769002 15.007299 -10.403932 2.150000
254.763319 -34.037874 19.221866 2.150000
184.281188 8.689816 -12.146064 2.150000
268.748543 -4.546080 -18.552275 2.150000
236.360100 -23.488369 3.220297 2.150000
40.666723 -0.938330 30.161577 2.150000
338.307923 -47.407612 0.383317 2.150000
120.186810 -53.199419 4.624492 2.150000
296.479616 -29.423083 -14.073708 2.150000
186.111727 -24.763306 25.113239 2.150000
254.696689 -29.325808 1.874823 2.150000
279.864244 -43.135695 7.951519 2.150000
314.864042 7.205702 -14.281023 2.150000
253.617183 -39.854593 12.810642 2.150000
4.578009 2.755471 5.837186 2.150000
241.143771 19.676667 -17.340016 2.150000
289.650727 -0.055670 0.596102 2.150000
309.884047 2.327719 -6.758979 2.150000
275.111316 -9.453926 1.638719 2.150000
322.857167 -37.066903 -3.758293 2.150000
289.392788 -1.095465 -2.848525 2.150000
222.951229 24.020630 -15.493703 2.150000
161.677599 43.456123 -4.849379 2.150000
21.515577 -10.755156 11.497903 2.150000
233.728195 -40.683068 26.170098 2.150000
276.201583 4.158687 -17.407799 2.150000
